[gd_scene load_steps=26 format=2]

[ext_resource path="res://terrain/base_terrain/mcgamejamterraindea.tscn" type="PackedScene" id=1]
[ext_resource path="res://logcabin/logcabin.tscn" type="PackedScene" id=2]
[ext_resource path="res://terrain/nature/sapin.tscn" type="PackedScene" id=3]
[ext_resource path="res://player/Player.tscn" type="PackedScene" id=4]
[ext_resource path="res://terrain/nature/no-foliage-tree2.tscn" type="PackedScene" id=5]
[ext_resource path="res://transmission_tower/transmission-tower.tscn" type="PackedScene" id=6]
[ext_resource path="res://addons/adbox/DialogueBox.gd" type="Script" id=7]
[ext_resource path="res://dialogues/beep.wav" type="AudioStream" id=8]
[ext_resource path="res://palette/dialogue-font.tres" type="DynamicFont" id=9]
[ext_resource path="res://resources/style/Style02.png" type="Texture" id=10]
[ext_resource path="res://terrain/small_props/branche2.tscn" type="PackedScene" id=11]
[ext_resource path="res://terrain/small_props/rock2.tscn" type="PackedScene" id=12]
[ext_resource path="res://terrain/small_props/rock.tscn" type="PackedScene" id=13]
[ext_resource path="res://transmission_tower/electricbox.tscn" type="PackedScene" id=14]
[ext_resource path="res://containment-cell/containment-cell.tscn" type="PackedScene" id=15]
[ext_resource path="res://containment-cell/numpad.tscn" type="PackedScene" id=16]
[ext_resource path="res://logcabin/commode-lit.tscn" type="PackedScene" id=17]
[ext_resource path="res://logcabin/bureau.tscn" type="PackedScene" id=18]
[ext_resource path="res://logcabin/chaise.tscn" type="PackedScene" id=19]
[ext_resource path="res://logcabin/neighbourbed.tscn" type="PackedScene" id=20]
[ext_resource path="res://logcabin/oldmanbed.tscn" type="PackedScene" id=21]
[ext_resource path="res://logcabin/fridge.tscn" type="PackedScene" id=22]
[ext_resource path="res://logcabin/oven.tscn" type="PackedScene" id=23]
[ext_resource path="res://logcabin/sink.tscn" type="PackedScene" id=24]
[ext_resource path="res://paper/page-prop.tscn" type="PackedScene" id=25]

[node name="main" type="Spatial"]

[node name="Player" parent="." instance=ExtResource( 4 )]
transform = Transform( -0.984078, 0, -0.177737, 0, 1, 0, 0.177737, 0, -0.984078, 42.8452, 1.31253, 60.7781 )

[node name="Map" type="Spatial" parent="."]

[node name="terrain" parent="Map" instance=ExtResource( 1 )]
transform = Transform( 1, 0, 0, 0, 1, 0, 0, 0, 1, -0.104817, -0.019558, -0.149257 )

[node name="Nature" type="Spatial" parent="Map"]

[node name="no-foliage-tree2" parent="Map/Nature" instance=ExtResource( 5 )]
transform = Transform( 0.495768, 0, -0.549381, 0, 1, 0, 0.627864, 0, 0.433797, -61.4859, -0.727827, -81.6477 )

[node name="no-foliage-tree3" parent="Map/Nature" instance=ExtResource( 5 )]
transform = Transform( -0.547444, 0, -0.510437, 0, 1, 0, 0.583356, 0, -0.479014, -61.4859, -0.727827, -74.0556 )

[node name="no-foliage-tree4" parent="Map/Nature" instance=ExtResource( 5 )]
transform = Transform( -0.547444, 0, -0.510437, 0, 1, 0, 0.583356, 0, -0.479014, -10.5343, 3.56636, -75.3549 )

[node name="no-foliage-tree5" parent="Map/Nature" instance=ExtResource( 5 )]
transform = Transform( -0.764235, 0, 0.206961, 0, 1, 0, -0.236526, 0, -0.668706, 71.1879, -0.61716, 55.8015 )

[node name="no-foliage-tree8" parent="Map/Nature" instance=ExtResource( 5 )]
transform = Transform( -0.40943, 0, -0.601379, 0, 1, 0, 0.687289, 0, -0.358252, 71.1879, -2.37846, 62.5076 )

[node name="no-foliage-tree9" parent="Map/Nature" instance=ExtResource( 5 )]
transform = Transform( -0.622858, 0, 0.439289, 0, 1, 0, -0.502044, 0, -0.545, 78.6607, -2.80464, 62.5076 )

[node name="no-foliage-tree10" parent="Map/Nature" instance=ExtResource( 5 )]
transform = Transform( -0.622858, 0, 0.439289, 0, 1, 0, -0.502044, 0, -0.545, 78.6607, -0.849266, 48.3723 )

[node name="no-foliage-tree11" parent="Map/Nature" instance=ExtResource( 5 )]
transform = Transform( 0.522567, 0, 0.530024, 0, 1, 0, -0.605742, 0, 0.457247, 72.6406, 1.9545, 48.3723 )

[node name="no-foliage-tree6" parent="Map/Nature" instance=ExtResource( 5 )]
transform = Transform( -0.54701, 0, -0.205447, 0, 0.8, 0, 0.246536, 0, -0.455842, -37.2593, -0.471837, 50.1549 )

[node name="no-foliage-tree12" parent="Map/Nature" instance=ExtResource( 5 )]
transform = Transform( -0.0396392, 0, -0.498908, 0, 0.8, 0, 0.598689, 0, -0.0330326, -32.6367, -0.471837, 54.8774 )

[node name="no-foliage-tree7" parent="Map/Nature" instance=ExtResource( 5 )]
transform = Transform( -0.455842, 0, -0.164357, 0, 0.8, 0, 0.205447, 0, -0.364673, -25.668, -0.471837, 51.4009 )

[node name="sapin" parent="Map/Nature" instance=ExtResource( 3 )]
transform = Transform( 1, 0, 0, 0, 1, 0, 0, 0, 1, -67.3672, 0.93925, -31.5924 )

[node name="sapin10" parent="Map/Nature" instance=ExtResource( 3 )]
transform = Transform( 1, 0, 0, 0, 1, 0, 0, 0, 1, 24.4225, 0.93925, -25.8298 )

[node name="sapin6" parent="Map/Nature" instance=ExtResource( 3 )]
transform = Transform( 1, 0, 0, 0, 1, 0, 0, 0, 1, -67.3672, 0.93925, 38.3248 )

[node name="sapin2" parent="Map/Nature" instance=ExtResource( 3 )]
transform = Transform( 0.8, 0, 0, 0, 0.8, 0, 0, 0, 0.8, -60.5997, -0.28275, -49.6689 )

[node name="sapin11" parent="Map/Nature" instance=ExtResource( 3 )]
transform = Transform( 0.8, 0, 0, 0, 0.8, 0, 0, 0, 0.8, 38.7661, -0.28275, -76.3108 )

[node name="sapin12" parent="Map/Nature" instance=ExtResource( 3 )]
transform = Transform( 0.8, 0, 0, 0, 0.8, 0, 0, 0, 0.8, 27.5992, -0.28275, -60.9991 )

[node name="sapin13" parent="Map/Nature" instance=ExtResource( 3 )]
transform = Transform( 0.8, 0, 0, 0, 0.8, 0, 0, 0, 0.8, 77.533, -0.28275, -60.9991 )

[node name="sapin22" parent="Map/Nature" instance=ExtResource( 3 )]
transform = Transform( 0.6, 0, 0, 0, 0.8, 0, 0, 0, 0.6, 68.2784, -0.28275, -43.1689 )

[node name="sapin23" parent="Map/Nature" instance=ExtResource( 3 )]
transform = Transform( 0.5, 0, 0, 0, 0.8, 0, 0, 0, 0.5, 43.4694, -0.28275, 23.4758 )

[node name="sapin24" parent="Map/Nature" instance=ExtResource( 3 )]
transform = Transform( 0.5, 0, 0, 0, 0.8, 0, 0, 0, 0.5, 28.9178, 0.605962, 85.0938 )

[node name="sapin25" parent="Map/Nature" instance=ExtResource( 3 )]
transform = Transform( 0.5, 0, 0, 0, 0.8, 0, 0, 0, 0.5, 82.7928, 0.605962, 85.0938 )

[node name="sapin26" parent="Map/Nature" instance=ExtResource( 3 )]
transform = Transform( 0.5, 0, 0, 0, 0.8, 0, 0, 0, 0.5, 15.2382, 0.958737, 38.6426 )

[node name="sapin3" parent="Map/Nature" instance=ExtResource( 3 )]
transform = Transform( 0.8, 0, 0, 0, 1, 0, 0, 0, 0.7, -75.9847, 1.04213, -65.7759 )

[node name="sapin4" parent="Map/Nature" instance=ExtResource( 3 )]
transform = Transform( 0.1, 0, 0, 0, 0.2, 0, 0, 0, 0.1, -33.2362, 0.0964892, -38.1035 )

[node name="sapin7" parent="Map/Nature" instance=ExtResource( 3 )]
transform = Transform( 0.1, 0, 0, 0, 0.2, 0, 0, 0, 0.1, -66.2288, 0.0964892, 82.0223 )

[node name="sapin8" parent="Map/Nature" instance=ExtResource( 3 )]
transform = Transform( 0.1, 0, 0, 0, 0.2, 0, 0, 0, 0.1, -62.592, 0.745023, 70.8038 )

[node name="sapin15" parent="Map/Nature" instance=ExtResource( 3 )]
transform = Transform( 0.3, 0, 0, 0, 0.4, 0, 0, 0, 0.3, -66.8622, 0.478936, 76.036 )

[node name="sapin16" parent="Map/Nature" instance=ExtResource( 3 )]
transform = Transform( 0.2, 0, 0, 0, 0.2, 0, 0, 0, 0.2, -76.8909, 0.228937, 64.5622 )

[node name="sapin17" parent="Map/Nature" instance=ExtResource( 3 )]
transform = Transform( 0.3, 0, 0, 0, 0.5, 0, 0, 0, 0.3, -67.4586, 0.228937, 66.7616 )

[node name="sapin18" parent="Map/Nature" instance=ExtResource( 3 )]
transform = Transform( 0.3, 0, 0, 0, 0.5, 0, 0, 0, 0.3, -74.782, -0.493458, 52.7324 )

[node name="sapin21" parent="Map/Nature" instance=ExtResource( 3 )]
transform = Transform( 0.3, 0, 0, 0, 0.5, 0, 0, 0, 0.3, -80.6812, -3.3111, 36.0659 )

[node name="sapin19" parent="Map/Nature" instance=ExtResource( 3 )]
transform = Transform( 0.3, 0, 0, 0, 0.5, 0, 0, 0, 0.3, -81.0399, 0.403704, 59.4151 )

[node name="sapin20" parent="Map/Nature" instance=ExtResource( 3 )]
transform = Transform( 0.3, 0, 0, 0, 0.5, 0, 0, 0, 0.3, -73.5008, 0.403704, 59.4151 )

[node name="sapin14" parent="Map/Nature" instance=ExtResource( 3 )]
transform = Transform( 0.1, 0, 0, 0, 0.2, 0, 0, 0, 0.1, -16.7502, 0.235586, 29.2864 )

[node name="sapin9" parent="Map/Nature" instance=ExtResource( 3 )]
transform = Transform( 0.1, 0, 0, 0, 0.2, 0, 0, 0, 0.1, -72.81, 0.0964892, 70.8038 )

[node name="sapin5" parent="Map/Nature" instance=ExtResource( 3 )]
transform = Transform( 0.2, 0, 0, 0, 0.4, 0, 0, 0, 0.2, -21.3485, -0.214282, -32.0228 )

[node name="branche2" parent="Map/Nature" instance=ExtResource( 11 )]
transform = Transform( 1, 0, 0, 0, 1, 0, 0, 0, 1, -58.9187, 1.76907, -58.8211 )

[node name="branche5" parent="Map/Nature" instance=ExtResource( 11 )]
transform = Transform( 1, 0, 0, 0, 1, 0, 0, 0, 1, -58.3302, 0.0888879, 48.6684 )

[node name="branche13" parent="Map/Nature" instance=ExtResource( 11 )]
transform = Transform( 1, 0, 0, 0, 1, 0, 0, 0, 1, 44.2186, -0.150657, 14.5048 )

[node name="branche14" parent="Map/Nature" instance=ExtResource( 11 )]
transform = Transform( -0.0609441, 0, -0.998141, 0, 1, 0, 0.998141, 0, -0.0609441, 44.2186, -0.150657, 7.8677 )

[node name="branche3" parent="Map/Nature" instance=ExtResource( 11 )]
transform = Transform( 0.392706, 0, -0.919664, 0, 1, 0, 0.919664, 0, 0.392706, -59.8809, -0.586968, -69.9996 )

[node name="branche4" parent="Map/Nature" instance=ExtResource( 11 )]
transform = Transform( 0.392706, 0, -0.919664, 0, 1, 0, 0.919664, 0, 0.392706, -39.77, 0.065063, -80.7445 )

[node name="branche6" parent="Map/Nature" instance=ExtResource( 11 )]
transform = Transform( -0.85828, 0, -0.513182, 0, 1, 0, 0.513182, 0, -0.85828, -30.07, 0.065063, -71.7532 )

[node name="branche7" parent="Map/Nature" instance=ExtResource( 11 )]
transform = Transform( -0.512627, 0, 0.858611, 0, 1, 0, -0.858611, 0, -0.512627, -30.07, 0.065063, -67.2629 )

[node name="branche8" parent="Map/Nature" instance=ExtResource( 11 )]
transform = Transform( -0.512627, 0, 0.858611, 0, 1, 0, -0.858611, 0, -0.512627, -23.9754, 0.065063, -70.3965 )

[node name="branche9" parent="Map/Nature" instance=ExtResource( 11 )]
transform = Transform( -0.512627, 0, 0.858611, 0, 1, 0, -0.858611, 0, -0.512627, -23.9754, 0.065063, -63.9795 )

[node name="branche10" parent="Map/Nature" instance=ExtResource( 11 )]
transform = Transform( -0.512627, 0, 0.858611, 0, 1, 0, -0.858611, 0, -0.512627, -23.9754, 0.065063, -29.7342 )

[node name="branche11" parent="Map/Nature" instance=ExtResource( 11 )]
transform = Transform( 0.540402, 0, 0.841407, 0, 1, 0, -0.841407, 0, 0.540402, -28.5115, 0.065063, -34.0103 )

[node name="branche12" parent="Map/Nature" instance=ExtResource( 11 )]
transform = Transform( -0.956448, 0, -0.291904, 0, 1, 0, 0.291904, 0, -0.956448, -28.5115, 0.065063, -30.7718 )

[node name="rock" parent="Map/Nature" instance=ExtResource( 13 )]
transform = Transform( 1, 0, 0, 0, 1, 0, 0, 0, 1, -59.1336, -0.637785, -69.9933 )

[node name="rock3" parent="Map/Nature" instance=ExtResource( 13 )]
transform = Transform( 1, 0, 0, 0, 1, 0, 0, 0, 1, -35.5183, -0.41356, -82.3059 )

[node name="rock4" parent="Map/Nature" instance=ExtResource( 13 )]
transform = Transform( 0.542969, 0, -0.839753, 0.760882, 0.423109, 0.491973, 0.355307, -0.906079, 0.229735, -35.5183, -0.413559, -77.4444 )

[node name="rock14" parent="Map/Nature" instance=ExtResource( 13 )]
transform = Transform( 0.542969, 0, -0.839753, 0.760882, 0.423109, 0.491973, 0.355307, -0.906079, 0.229735, -26.1647, -0.413559, -33.5014 )

[node name="rock15" parent="Map/Nature" instance=ExtResource( 13 )]
transform = Transform( -0.762297, -0.416883, -0.495087, -0.196539, 0.877914, -0.436624, 0.616665, -0.235534, -0.751165, -32.7784, -0.413559, -33.5014 )

[node name="rock16" parent="Map/Nature" instance=ExtResource( 13 )]
transform = Transform( -0.762297, -0.416883, -0.495087, -0.196539, 0.877914, -0.436624, 0.616665, -0.235534, -0.751165, -60.8986, -0.413559, -33.5014 )

[node name="rock2" parent="Map/Nature" instance=ExtResource( 12 )]
transform = Transform( 1, 0, 0, 0, 1, 0, 0, 0, 1, -59.3241, 1.24648, -64.7932 )

[node name="rock5" parent="Map/Nature" instance=ExtResource( 12 )]
transform = Transform( 1, 0, 0, 0, 1, 0, 0, 0, 1, -59.3241, 0.584062, 45.4928 )

[node name="rock7" parent="Map/Nature" instance=ExtResource( 12 )]
transform = Transform( 1, 0, 0, 0, 1, 0, 0, 0, 1, -48.596, 0.584062, 25.4068 )

[node name="rock17" parent="Map/Nature" instance=ExtResource( 12 )]
transform = Transform( 1, 0, 0, 0, 1, 0, 0, 0, 1, 18.5234, 0.584062, 25.4068 )

[node name="rock24" parent="Map/Nature" instance=ExtResource( 12 )]
transform = Transform( 1, 0, 0, 0, 1, 0, 0, 0, 1, 40.5284, -0.107569, 5.78309 )

[node name="rock25" parent="Map/Nature" instance=ExtResource( 12 )]
transform = Transform( 2, 0, 0, 0, 1.07413, 1.68708, 0, -1.68708, 1.07413, 40.5284, -0.10757, 12.1265 )

[node name="rock21" parent="Map/Nature" instance=ExtResource( 12 )]
transform = Transform( 1, 0, 0, 0, 1, 0, 0, 0, 1, 77.1307, 0.584062, -53.0526 )

[node name="rock22" parent="Map/Nature" instance=ExtResource( 12 )]
transform = Transform( 0.0199129, 0, -0.999802, 0, 1, 0, 0.999802, 0, 0.0199129, 77.1307, 0.584062, -26.0884 )

[node name="rock23" parent="Map/Nature" instance=ExtResource( 12 )]
transform = Transform( 0.0151798, 0.299607, 0.00227027, 0.151598, -0.00964112, 0.258699, 0.258433, -0.0119428, -0.151888, 72.8101, 0.31392, -26.7097 )

[node name="rock18" parent="Map/Nature" instance=ExtResource( 12 )]
transform = Transform( 0.0820034, -0.981323, 0.174014, 0.418323, 0.192368, 0.887694, -0.904589, 0, 0.426284, 18.5234, 1.21032, 45.6401 )

[node name="rock19" parent="Map/Nature" instance=ExtResource( 12 )]
transform = Transform( 0.0820034, -0.981323, 0.174014, 0.418323, 0.192368, 0.887694, -0.904589, 0, 0.426284, 32.5234, 1.21032, 45.6401 )

[node name="rock20" parent="Map/Nature" instance=ExtResource( 12 )]
transform = Transform( 0.0820034, -0.981323, 0.174014, -0.697892, 0.068107, 0.712958, -0.711493, -0.179908, -0.679272, 32.5234, 0.367084, 64.9739 )

[node name="rock8" parent="Map/Nature" instance=ExtResource( 12 )]
transform = Transform( 1, 0, 0, 0, 0.36999, 0.929036, 0, -0.929036, 0.36999, -52.8737, 1.42862, 28.6537 )

[node name="rock6" parent="Map/Nature" instance=ExtResource( 12 )]
transform = Transform( 0.368645, 0, 0, 0, 0.378293, 0.925686, 0, -0.552861, 0.225933, -59.3241, 0.502822, 41.9794 )

[node name="rock9" parent="Map/Nature" instance=ExtResource( 12 )]
transform = Transform( 0.368645, 0, 0, 0, 0.378293, 0.925686, 0, -0.552861, 0.225933, -41.4266, 0.502822, 50.0465 )

[node name="rock11" parent="Map/Nature" instance=ExtResource( 12 )]
transform = Transform( 0.368645, 0, 0, 0, 0.667686, 0.262802, 0, 0.0543745, 0.915901, -41.4266, 0.190867, 52.7119 )

[node name="rock12" parent="Map/Nature" instance=ExtResource( 12 )]
transform = Transform( -0.0389178, -0.356861, -0.92776, 0, 0.565664, -0.193652, 0.366585, -0.0378855, -0.0984939, -41.4266, -0.668088, 57.1065 )

[node name="rock13" parent="Map/Nature" instance=ExtResource( 12 )]
transform = Transform( -0.0218565, 0.267617, -0.681265, 0.0322008, 0.612949, 0.658876, 0.366585, -0.0378855, -0.0984939, -31.9634, 0.777292, 57.1065 )

[node name="rock10" parent="Map/Nature" instance=ExtResource( 12 )]
transform = Transform( 0.368645, 0, 0, 0, 0.378293, 0.925686, 0, -0.552861, 0.225933, -49.7431, 0.502822, 29.1087 )

[node name="containment-cell" parent="Map" instance=ExtResource( 15 )]
transform = Transform( -2.5, 0, -3.77489e-07, 0, 2.5, 0, 3.77489e-07, 0, -2.5, 64.4583, 1.00285, 12.9158 )

[node name="fridge" parent="Map" instance=ExtResource( 22 )]
transform = Transform( -3.0598e-08, 0, 0.7, 0, 0.7, 0, -0.7, 0, -3.0598e-08, -57.8411, 0.319586, 59.9955 )

[node name="transmission-tower" parent="Map" instance=ExtResource( 6 )]
transform = Transform( -0.4, 0, -3.49691e-08, 0, 0.4, 0, 3.49691e-08, 0, -0.4, 26.5116, -0.00495338, 9.56072 )

[node name="electricbox" parent="Map/transmission-tower" instance=ExtResource( 14 )]
transform = Transform( 0.139619, 0, -7.99878, 0, 8, 0, 7.99878, 0, 0.139619, -17.3671, 2.1157, 28.7579 )

[node name="logcabin" parent="Map" instance=ExtResource( 2 )]
transform = Transform( -2, 0, -1.74846e-07, 0, 2, 0, 1.74846e-07, 0, -2, -64.1497, -0.0461183, 57.6707 )

[node name="oldmanbed" parent="Map/logcabin" instance=ExtResource( 21 )]
transform = Transform( -0.022647, 0, -0.499738, 0, 0.7, 0, 0.699634, 0, -0.0161764, 0.137829, 0.103177, 1.1494 )

[node name="oven2" parent="Map/logcabin" instance=ExtResource( 23 )]
transform = Transform( 0.2, 0, 0, 0, 0.25, 0, 0, 0, 0.2, -0.332283, 0.198213, -1.24758 )

[node name="sink2" parent="Map/logcabin" instance=ExtResource( 24 )]
transform = Transform( -8.74229e-09, 0, -0.2, 0, 0.25, 0, 0.2, 0, -8.74229e-09, 0.242611, 0.211672, -1.23434 )

[node name="logcabin2" parent="Map" instance=ExtResource( 2 )]
transform = Transform( 1.62064, 0, -1.17198, 0, 2, 0, 1.17198, 0, 1.62064, 57.2329, 0.164762, 64.3023 )

[node name="neighbourbed" parent="Map/logcabin2" instance=ExtResource( 20 )]
transform = Transform( 1, 0, 8.9407e-08, 0, 0.7, 0, 0, 0, 0.7, 0.158009, 0.109774, -0.704073 )

[node name="fridge2" parent="Map/logcabin2" instance=ExtResource( 22 )]
transform = Transform( -0.3, 1.5134e-09, -1.19209e-07, 0, 0.299974, 0.00393735, 1.04308e-07, 0.00393735, -0.299974, 0.494484, 0.180136, 1.22373 )

[node name="oven" parent="Map/logcabin2" instance=ExtResource( 23 )]
transform = Transform( -0.2, 0, -7.45058e-08, 0, 0.25, 0, 7.45058e-08, 0, -0.2, -2.28788, 0.21668, 1.34925 )

[node name="sink" parent="Map/logcabin2" instance=ExtResource( 24 )]
transform = Transform( -2.98023e-08, 0, 0.2, 0, 0.25, 0, -0.2, 0, -2.98023e-08, -2.75403, 0.163857, 1.33419 )

[node name="bureau" parent="Map" instance=ExtResource( 18 )]
transform = Transform( -0.996829, 0, -0.159148, 0, 2, 0, 0.0795741, 0, -1.99366, 21.5876, 0.0247789, -41.4414 )

[node name="logcabin3" parent="Map" instance=ExtResource( 2 )]
transform = Transform( -0.996829, 0, -0.159148, 0, 2, 0, 0.0795742, 0, -1.99366, 21.5876, 0.0109291, -39.4414 )

[node name="chaise" parent="Map/logcabin3" instance=ExtResource( 19 )]
transform = Transform( -0.259808, 0, 0.15, 0, 0.15, 0, -0.0749999, 0, -0.129904, -2.15261, 0.345478, 0.917301 )

[node name="commode-lit" parent="Map/logcabin3" instance=ExtResource( 17 )]
transform = Transform( 1.19897, 0, 0.0496212, 0, 0.6, 0, -0.0248106, 0, 0.599487, 0.271723, -0.00546453, -0.983871 )

[node name="numpad" parent="Map" instance=ExtResource( 16 )]
transform = Transform( -2.18557e-08, 0, -0.5, 0, 0.5, 0, 0.5, 0, -2.18557e-08, 57.8913, 1.83397, 15.4973 )

[node name="page" parent="Map" instance=ExtResource( 25 )]
transform = Transform( 1, 0, 0, 0, 1, 0, 0, 0, 1, 21.8594, 1.06256, -39.0399 )

[node name="DialogueBox" type="NinePatchRect" parent="."]
anchor_top = 1.0
anchor_right = 1.0
anchor_bottom = 1.0
margin_left = 204.0
margin_top = -202.0
margin_right = -281.0
margin_bottom = -11.0
texture = ExtResource( 10 )
script = ExtResource( 7 )
__meta__ = {
"_edit_use_anchors_": false
}
message_sound = ExtResource( 8 )
font = ExtResource( 9 )
action_name = "ui_accept"
